Num	Res	VLXT		VSL2	
1	M	0.1837581236	0.856224
2	N	0.4139086696	0.820802
3	S	0.2346354665	0.747279
4	G	0.0598631918	0.624448
5	I	0.2190024684	0.490648
6	L	0.2174970714	0.341446
7	Q	0.1873260628	0.216418
8	V	0.1749611689	0.134955
9	F	0.1775052733	0.089322
10	Q	0.1710071576	0.060514
11	R	0.1445960503	0.055424
12	A	0.1229085276	0.047532
13	L	0.0965595052	0.037992
14	T	0.0722077134	0.035380
15	C	0.0537618619	0.035035
16	P	0.0381043446	0.032573
17	I	0.0245700036	0.028732
18	C	0.0153855786	0.030831
19	M	0.0011423916	0.031869
20	N	0.0010937389	0.032498
21	Y	0.0010245999	0.034419
22	F	0.0010814701	0.038528
23	L	0.0011832181	0.048737
24	D	0.0007830116	0.069685
25	P	0.0007840099	0.085166
26	V	0.0006351425	0.091544
27	T	0.0006353574	0.102517
28	I	0.0007013833	0.112620
29	D	0.0006930327	0.112698
30	C	0.0006994213	0.107206
31	G	0.0005381683	0.104368
32	H	0.0003724981	0.095468
33	S	0.0003125360	0.079791
34	F	0.0001546678	0.061886
35	C	0.0001364328	0.053518
36	R	0.0001297502	0.052694
37	P	0.0000614779	0.053736
38	C	0.0000612986	0.049096
39	L	0.0000624759	0.049092
40	Y	0.0000729178	0.050635
41	L	0.0000783894	0.054353
42	N	0.0000942895	0.061817
43	W	0.0000927573	0.068245
44	Q	0.0000898390	0.081894
45	D	0.0000911392	0.091396
46	T	0.0001370507	0.092733
47	A	0.0008354369	0.093082
48	V	0.0065898102	0.108638
49	L	0.0123349190	0.136659
50	A	0.0290775183	0.168308
51	Q	0.0444378733	0.221581
52	C	0.0502416756	0.281961
53	S	0.0656227310	0.338511
54	E	0.0756888896	0.390689
55	C	0.0796870926	0.460364
56	K	0.0830436289	0.515265
57	K	0.1110697181	0.526240
58	T	0.1373031519	0.557420
59	T	0.1782275557	0.527401
60	R	0.2137193250	0.493902
61	Q	0.2186172728	0.464910
62	R	0.2176636371	0.439698
63	N	0.2082955464	0.398577
64	L	0.2064467510	0.368760
65	N	0.2155040991	0.357578
66	T	0.1949141486	0.313630
67	D	0.1637630398	0.274898
68	I	0.1067142485	0.243292
69	C	0.0564681408	0.220228
70	L	0.0464233074	0.232409
71	K	0.0323482750	0.294293
72	N	0.0319382654	0.317647
73	M	0.0300624856	0.292168
74	A	0.0171915281	0.358669
75	F	0.0045757813	0.373559
76	I	0.0304623107	0.362924
77	A	0.0657719598	0.374835
78	R	0.0928533637	0.413464
79	K	0.1078356241	0.456050
80	A	0.1238276761	0.456876
81	S	0.1402174302	0.462281
82	L	0.1727732579	0.479656
83	R	0.2066136464	0.489150
84	Q	0.2733405539	0.488962
85	F	0.3265158678	0.499554
86	L	0.3704866712	0.513308
87	S	0.4259660520	0.511596
88	S	0.4917006394	0.526703
89	E	0.5421902265	0.541703
90	E	0.5583715302	0.541763
91	Q	0.5842163997	0.537257
92	I	0.6228519643	0.544612
93	C	0.6317483532	0.535684
94	G	0.5989058703	0.520146
95	M	0.5660633874	0.514393
96	H	0.5155409134	0.514127
97	R	0.4378287299	0.505646
98	E	0.3718271507	0.513352
99	T	0.3397571543	0.527381
100	K	0.2871245066	0.544236
101	K	0.2158329141	0.525664
102	M	0.1416021645	0.507156
103	F	0.0980710492	0.478350
104	C	0.0512489416	0.450319
105	E	0.0187027205	0.450857
106	V	0.0153046206	0.474422
107	D	0.0158517947	0.513160
108	K	0.0328146180	0.534046
109	S	0.0435524161	0.538701
110	L	0.0649125648	0.507415
111	L	0.1007315854	0.500173
112	C	0.0986148350	0.504045
113	L	0.0988182840	0.550185
114	P	0.0994265889	0.566537
115	C	0.0995430406	0.590485
116	S	0.1030898665	0.623054
117	N	0.0854904207	0.634317
118	S	0.0689368587	0.644877
119	Q	0.0473746940	0.656350
120	E	0.0459933869	0.656995
121	H	0.1105753860	0.665566
122	R	0.1877421917	0.640916
123	N	0.2465139418	0.621126
124	H	0.3265842719	0.589043
125	I	0.4083570949	0.572155
126	H	0.4924461549	0.564107
127	C	0.5610227870	0.571159
128	P	0.6448700671	0.559792
129	I	0.6924040851	0.564757
130	E	0.7107153581	0.608215
131	W	0.7204911927	0.630258
132	A	0.7511928589	0.625573
133	A	0.7611015942	0.640356
134	E	0.7652680598	0.688900
135	E	0.7638323824	0.704250
136	R	0.7816734194	0.711129
137	R	0.7980690746	0.733696
138	E	0.8082536455	0.739239
139	E	0.8074902694	0.741879
140	L	0.8035043398	0.736107
141	L	0.8050604181	0.722419
142	K	0.8253340017	0.691145
143	K	0.8296119020	0.666270
144	M	0.7577997633	0.639355
145	Q	0.6734574108	0.612711
146	S	0.5752690259	0.555262
147	L	0.4846708046	0.544965
148	W	0.4061682224	0.521237
149	E	0.3353080680	0.474627
150	K	0.2980908647	0.485456
151	A	0.2410468225	0.458836
152	C	0.2035612092	0.459902
153	E	0.2257589124	0.399479
154	N	0.2342802490	0.408132
155	L	0.3205162465	0.429229
156	R	0.4051398842	0.448032
157	N	0.4209676723	0.471458
158	L	0.4263322439	0.481475
159	N	0.4059357047	0.465431
160	M	0.3656203210	0.447777
161	E	0.4063266224	0.432109
162	T	0.4717061061	0.400650
163	T	0.4901166771	0.362926
164	R	0.4301582331	0.349352
165	T	0.3719858822	0.323165
166	R	0.4390631035	0.284996
167	C	0.5089528951	0.260214
168	W	0.5626069789	0.240107
169	K	0.6251937582	0.224245
170	D	0.6032950146	0.204906
171	Y	0.5523933132	0.186978
172	V	0.5720494616	0.190719
173	S	0.5457081612	0.185070
174	L	0.5269570023	0.191926
175	R	0.4540553394	0.193291
176	I	0.3863816903	0.214753
177	E	0.3174977256	0.233092
178	A	0.3160158041	0.253854
179	I	0.3240037968	0.280161
180	R	0.3609466541	0.297147
181	A	0.3987133389	0.309586
182	E	0.4643568600	0.336534
183	Y	0.5210977071	0.356019
184	Q	0.5715379511	0.370323
185	K	0.6141922566	0.394047
186	M	0.6794352523	0.428907
187	P	0.6674010501	0.444894
188	A	0.6647894558	0.478049
189	F	0.6480342099	0.522741
190	L	0.6511396565	0.563140
191	H	0.6722068854	0.604707
192	E	0.6959714854	0.639663
193	E	0.7223980250	0.660034
194	E	0.7478046966	0.672927
195	Q	0.7481584986	0.695416
196	H	0.7742943143	0.706992
197	H	0.7830283057	0.722016
198	L	0.8059191899	0.736039
199	E	0.8047267876	0.743662
200	R	0.8034273110	0.748016
201	L	0.7974560784	0.760592
202	R	0.7933974478	0.772030
203	K	0.7948925522	0.783830
204	E	0.8044511522	0.796795
205	G	0.8110972611	0.810756
206	E	0.8156485991	0.812110
207	D	0.8160215187	0.814941
208	I	0.8202827178	0.803412
209	F	0.8245439169	0.807479
210	Q	0.8330194323	0.813007
211	Q	0.8355943950	0.808485
212	L	0.8344647932	0.795188
213	N	0.8027850878	0.795257
214	E	0.7783600500	0.803850
215	S	0.7579416274	0.805877
216	K	0.7553118706	0.800358
217	A	0.7539052912	0.788329
218	R	0.7510256242	0.778786
219	M	0.7467921318	0.767851
220	E	0.7523836994	0.748157
221	H	0.7627460605	0.726650
222	S	0.7986921819	0.709246
223	R	0.8023991755	0.684484
224	E	0.7963929049	0.653249
225	L	0.7829688689	0.603875
226	L	0.7661680511	0.580385
227	R	0.7387624059	0.549464
228	G	0.7154945970	0.507767
229	M	0.6868596474	0.489000
230	Y	0.6118331318	0.458693
231	E	0.5270515812	0.443324
232	D	0.4743239661	0.433859
233	L	0.4358667931	0.429629
234	K	0.3622365960	0.412878
235	Q	0.2889952174	0.382038
236	M	0.2277455230	0.354858
237	C	0.1766995896	0.321597
238	H	0.1105895566	0.306908
239	K	0.0868680860	0.306447
240	A	0.0749229996	0.300600
241	D	0.0543651786	0.290010
242	V	0.0298017210	0.261021
243	E	0.0359701042	0.241489
244	L	0.0493426314	0.228812
245	L	0.0634686845	0.197178
246	Q	0.0577615708	0.166523
247	A	0.0670979861	0.159503
248	F	0.0796499088	0.163219
249	G	0.0984942319	0.152247
250	D	0.1178228863	0.145273
251	I	0.1504972055	0.146804
252	L	0.1845912375	0.147680
253	H	0.2098079648	0.136264
254	R	0.2447306210	0.154148
255	Y	0.3177997890	0.174511
256	E	0.3852697050	0.191231
257	S	0.4567464754	0.210039
258	L	0.5233276465	0.246038
259	L	0.5931479443	0.266503
260	L	0.6501011287	0.291460
261	Q	0.7015354154	0.336787
262	V	0.7585636558	0.400216
263	S	0.8115781934	0.433774
264	E	0.8203028309	0.460872
265	P	0.8340026535	0.505491
266	V	0.8470402781	0.540788
267	N	0.8631158784	0.534973
268	P	0.8720765585	0.529997
269	E	0.8801871629	0.526152
270	L	0.8892682804	0.496491
271	S	0.8560962805	0.456421
272	A	0.7927347209	0.436993
273	G	0.7410081191	0.385304
274	P	0.6913901946	0.362659
275	I	0.6094185770	0.362918
276	T	0.5100772885	0.360822
277	G	0.4146117934	0.333184
278	L	0.3143978183	0.324337
279	L	0.2169024547	0.310284
280	D	0.1696324164	0.280347
281	S	0.1424922263	0.274003
282	L	0.1166148527	0.270909
283	S	0.0886020947	0.252988
284	G	0.0880452431	0.250334
285	F	0.0988314709	0.261167
286	R	0.1097251610	0.268044
287	V	0.1168232945	0.262091
288	D	0.1205376566	0.278443
289	F	0.1106849811	0.299124
290	T	0.1040757519	0.321213
291	L	0.0988748605	0.338326
292	Q	0.0928933696	0.356435
293	P	0.0863625308	0.362072
294	E	0.0817026366	0.358930
295	R	0.0741860748	0.342898
296	A	0.0742367216	0.319124
297	N	0.0746840771	0.295257
298	S	0.0801297748	0.261247
299	H	0.0798534657	0.229111
300	I	0.0773192165	0.191135
301	F	0.0718249550	0.162782
302	L	0.0644703921	0.160832
303	C	0.0572153880	0.173488
304	G	0.0533092997	0.174411
305	D	0.0469150967	0.169221
306	L	0.0429823486	0.183608
307	R	0.0357252951	0.196402
308	S	0.0362599657	0.217078
309	M	0.0406600622	0.264448
310	N	0.0782682231	0.313629
311	V	0.1222059469	0.367294
312	G	0.1982484423	0.433570
313	C	0.2614477753	0.494215
314	D	0.3148773357	0.534047
315	P	0.3458587139	0.578900
316	Q	0.3687394086	0.615819
317	D	0.3639211130	0.654318
318	D	0.3560536171	0.647624
319	P	0.3183337438	0.639366
320	D	0.2847801670	0.587399
321	I	0.2114821254	0.546758
322	T	0.1456414224	0.442408
323	G	0.0887871307	0.371550
324	K	0.0530000406	0.286256
325	S	0.0252334949	0.205774
326	E	0.0234982030	0.138954
327	C	0.0205216516	0.099566
328	F	0.0179559550	0.068651
329	L	0.0067542177	0.053170
330	V	0.0013696205	0.054317
331	W	0.0007709062	0.059220
332	G	0.0002337503	0.063693
333	A	0.0000855190	0.073103
334	Q	0.0000175304	0.079038
335	A	0.0000044026	0.089857
336	F	0.0000033765	0.103924
337	T	0.0000028784	0.138379
338	S	0.0000032644	0.163881
339	G	0.0000030773	0.186254
340	K	0.0000031208	0.189520
341	Y	0.0000031515	0.203201
342	Y	0.0000032402	0.185963
343	W	0.0000032943	0.176706
344	E	0.0000031051	0.157094
345	V	0.0000026086	0.146132
346	H	0.0000023514	0.127131
347	M	0.0000016300	0.116415
348	G	0.0000013486	0.105358
349	D	0.0000013884	0.103937
350	S	0.0000013811	0.101825
351	W	0.0000024337	0.103077
352	N	0.0000431128	0.089749
353	W	0.0000955766	0.073227
354	A	0.0001467953	0.060922
355	F	0.0001928555	0.049372
356	G	0.0014159519	0.036738
357	V	0.0023623201	0.041065
358	C	0.0025235219	0.051461
359	N	0.0026966160	0.078370
360	N	0.0035686115	0.119105
361	Y	0.0070808281	0.204382
362	W	0.0183820237	0.268873
363	K	0.0262787836	0.358788
364	E	0.0293972934	0.456623
365	K	0.0329332362	0.539167
366	R	0.0356518472	0.573702
367	Q	0.0394714618	0.635291
368	N	0.0515944240	0.690298
369	D	0.0997067906	0.697674
370	K	0.1451392408	0.680603
371	I	0.1827710725	0.654669
372	D	0.2358380078	0.605005
373	G	0.2663433215	0.505949
374	E	0.2836871307	0.404551
375	E	0.2877949125	0.313029
376	G	0.2980868849	0.231831
377	L	0.3100922191	0.158499
378	F	0.2743824292	0.119098
379	L	0.2419292603	0.110339
380	L	0.2076093717	0.109560
381	G	0.1485095299	0.126871
382	C	0.1149756393	0.144758
383	V	0.0929396629	0.162703
384	K	0.0852505028	0.183290
385	E	0.0712534536	0.210197
386	D	0.0474762526	0.230738
387	T	0.0344057470	0.240009
388	H	0.0179813584	0.247080
389	C	0.0048161621	0.245478
390	S	0.0106908762	0.237676
391	L	0.0308968720	0.227577
392	F	0.0331583347	0.224011
393	T	0.0365284513	0.215856
394	T	0.0397061078	0.209141
395	S	0.0442873454	0.206215
396	P	0.0838816832	0.192554
397	L	0.0956607260	0.187791
398	V	0.0948421850	0.213887
399	V	0.0989394009	0.243785
400	Q	0.0888590625	0.262527
401	Y	0.0885721189	0.295391
402	V	0.0999387632	0.312551
403	P	0.1064939052	0.303171
404	R	0.1149043132	0.293821
405	P	0.0903968136	0.288291
406	T	0.0938018712	0.257635
407	S	0.1100439530	0.235651
408	T	0.1089758457	0.225135
409	V	0.1095330990	0.206316
410	G	0.1191489084	0.189844
411	L	0.1137638723	0.196492
412	F	0.1111752295	0.213168
413	L	0.1054084654	0.202553
414	D	0.0978655611	0.211386
415	C	0.0916641476	0.229412
416	E	0.0830375865	0.219421
417	G	0.0783929450	0.202516
418	R	0.0713063458	0.205053
419	T	0.0664331568	0.226897
420	V	0.0639721176	0.241773
421	S	0.0705311438	0.260200
422	F	0.0899208221	0.280052
423	V	0.0855279800	0.293599
424	D	0.0804657247	0.302483
425	V	0.0726048211	0.296573
426	D	0.0670777880	0.289337
427	Q	0.0651244746	0.272073
428	S	0.0607448416	0.250441
429	S	0.0615327874	0.228569
430	L	0.0601461669	0.211214
431	I	0.0507890813	0.194778
432	Y	0.0618831867	0.220647
433	T	0.0584000113	0.256936
434	I	0.0581512314	0.253805
435	P	0.0887829321	0.260857
436	N	0.1340929375	0.265475
437	C	0.1629664423	0.272884
438	S	0.1808929566	0.264000
439	F	0.2196273646	0.267325
440	S	0.2399511665	0.285826
441	P	0.2724947677	0.280189
442	P	0.2972939936	0.281905
443	L	0.3139640470	0.271355
444	R	0.2940139450	0.273717
445	P	0.2531316776	0.268329
446	I	0.2291571916	0.268509
447	F	0.2059141509	0.281904
448	C	0.1587603369	0.320489
449	C	0.0558613677	0.374900
450	S	0.0657308092	0.436603
451	H	0.0220116645	0.470975
452	F	0.0375592617	0.516058
